1000,
0.000000,
0.000000,
0.000000,
0.000000,
0.000000,
0.000000,
0.000000,
0.000000,
0.000000,
0.000000,
0.000000,
0.000000,
0.000000,
0.000000,
0.000000,
0.000000,
0.000000,
0.000000,
0.000000,
0.000000,
0.000000,
0.000000,
0.000000,
0.000000,
0.000000,
0.000000,
0.000000,
0.000000,
0.000000,
0.000000,
0.000000,
0.000000,
0.000000,
0.000000,
0.000000,
0.000000,
0.000000,
0.000000,
0.000000,
0.000000,
0.000000,
0.000000,
0.000000,
0.000000,
0.000000,
0.000000,
0.000000,
0.000000,
0.000000,
0.000000,
0.000000,
0.000000,
0.000000,
0.000000,
0.000000,
0.000000,
0.000000,
0.000000,
0.000000,
0.000000,
0.000000,
0.000000,
0.000000,
0.000000,
0.000000,
0.000000,
0.000000,
0.000000,
0.000000,
0.000000,
0.000000,
0.000000,
0.000000,
0.000000,
0.000000,
0.000000,
0.000000,
0.000000,
0.000000,
0.000000,
0.000000,
0.000000,
0.000000,
0.000000,
0.000000,
0.000000,
0.000000,
0.000000,
0.000000,
0.000000,
0.000000,
0.000000,
0.000000,
0.000000,
0.000000,
0.000000,
0.000000,
0.000000,
0.000000,
0.000000,
0.154997,
0.309993,
0.464990,
0.619986,
0.774983,
0.929980,
1.084976,
1.239973,
1.394969,
1.549966,
1.704963,
1.859959,
2.014956,
2.169953,
2.324949,
2.479946,
2.634943,
2.789939,
2.944936,
3.099932,
3.254929,
3.409926,
3.564922,
3.719919,
3.874916,
4.029912,
4.184908,
4.339905,
4.494901,
4.649898,
4.804894,
4.959890,
5.114887,
5.269883,
5.424880,
5.579876,
5.734872,
5.889869,
6.044865,
6.199862,
6.354858,
6.509854,
6.664851,
6.819847,
6.974844,
7.129840,
7.284836,
7.439833,
7.594829,
7.749825,
7.904822,
8.059818,
8.214815,
8.369812,
8.524809,
8.679806,
8.834803,
8.989799,
9.144796,
9.299793,
9.454790,
9.609787,
9.764784,
9.919781,
10.074778,
10.229774,
10.384771,
10.539768,
10.694765,
10.849762,
11.004759,
11.159756,
11.314753,
11.469749,
11.624746,
11.779743,
11.934740,
12.089737,
12.244734,
12.399731,
12.554728,
12.709724,
12.864721,
13.019718,
13.174715,
13.329712,
13.484709,
13.639706,
13.794703,
13.949699,
14.104696,
14.259693,
14.414690,
14.569687,
14.724684,
14.879681,
15.034678,
15.189674,
15.344671,
15.499668,
15.654665,
15.809662,
15.964659,
16.119656,
16.274652,
16.429649,
16.584646,
16.739643,
16.894640,
17.049637,
17.204634,
17.359631,
17.514627,
17.669624,
17.824621,
17.979618,
18.134615,
18.289612,
18.444609,
18.599606,
18.754602,
18.909599,
19.064596,
19.219593,
19.374590,
19.529587,
19.684584,
19.839581,
19.994577,
20.149574,
20.304571,
20.459568,
20.614565,
20.769562,
20.924559,
21.079556,
21.234552,
21.389549,
21.544546,
21.699543,
21.854540,
22.009537,
22.164534,
22.319530,
22.474527,
22.629524,
22.784521,
22.939518,
23.094515,
23.249512,
23.404509,
23.559505,
23.714502,
23.869499,
24.024496,
24.179493,
24.334490,
24.489487,
24.644484,
24.799480,
24.954477,
25.109474,
25.264471,
25.419468,
25.574465,
25.729462,
25.884459,
26.039455,
26.194452,
26.349449,
26.504446,
26.659443,
26.814440,
26.969437,
27.124434,
27.279430,
27.434427,
27.589424,
27.744421,
27.899418,
28.054415,
28.209412,
28.364408,
28.519405,
28.674402,
28.829399,
28.984396,
29.139393,
29.294390,
29.449387,
29.604383,
29.759380,
29.914377,
30.069374,
30.224371,
30.379368,
30.534365,
30.689362,
30.844358,
30.999355,
31.154352,
31.309349,
31.464346,
31.619343,
31.774340,
31.929337,
32.084332,
32.239326,
32.394321,
32.549316,
32.704311,
32.859306,
33.014301,
33.169296,
33.324291,
33.479286,
33.634281,
33.789276,
33.944271,
34.099266,
34.254261,
34.409256,
34.564251,
34.719246,
34.874241,
35.029236,
35.184231,
35.339226,
35.494221,
35.649216,
35.804211,
35.959206,
36.114201,
36.269196,
36.424191,
36.579185,
36.734180,
36.889175,
37.044170,
37.199165,
37.354160,
37.509155,
37.664150,
37.819145,
37.974140,
38.129135,
38.284130,
38.439125,
38.594120,
38.749115,
38.904110,
39.059105,
39.214100,
39.369095,
39.524090,
39.679085,
39.834080,
39.989075,
40.144070,
40.299065,
40.454060,
40.609055,
40.764050,
40.919044,
41.074039,
41.229034,
41.384029,
41.539024,
41.694019,
41.849014,
42.004009,
42.159004,
42.313999,
42.468994,
42.623989,
42.778984,
42.933979,
43.088974,
43.243969,
43.398964,
43.553959,
43.708954,
43.863949,
44.018944,
44.173939,
44.328934,
44.483929,
44.638924,
44.793919,
44.948914,
45.103909,
45.258904,
45.413898,
45.568893,
45.723888,
45.878883,
46.033878,
46.188873,
46.343868,
46.498863,
46.498863,
46.498863,
46.498863,
46.498863,
46.498863,
46.498863,
46.498863,
46.498863,
46.498863,
46.498863,
46.498863,
46.498863,
46.498863,
46.498863,
46.498863,
46.498863,
46.498863,
46.498863,
46.498863,
46.498863,
46.498863,
46.498863,
46.498863,
46.498863,
46.498863,
46.498863,
46.498863,
46.498863,
46.498863,
46.498863,
46.498863,
46.498863,
46.498863,
46.498863,
46.498863,
46.498863,
46.498863,
46.498863,
46.498863,
46.498863,
46.498863,
46.498863,
46.498863,
46.498863,
46.498863,
46.498863,
46.498863,
46.498863,
46.498863,
46.498863,
46.498863,
46.498863,
46.498863,
46.498863,
46.498863,
46.498863,
46.498863,
46.498863,
46.498863,
46.498863,
46.498863,
46.498863,
46.498863,
46.498863,
46.498863,
46.498863,
46.498863,
46.498863,
46.498863,
46.498863,
46.498863,
46.498863,
46.498863,
46.498863,
46.498863,
46.498863,
46.498863,
46.498863,
46.498863,
46.498863,
46.498863,
46.498863,
46.498863,
46.498863,
46.498863,
46.498863,
46.498863,
46.498863,
46.498863,
46.498863,
46.498863,
46.498863,
46.498863,
46.498863,
46.498863,
46.498863,
46.498863,
46.498863,
46.498863,
46.498863,
46.498863,
46.498863,
46.498863,
46.498863,
46.498863,
46.498863,
46.498863,
46.498863,
46.498863,
46.498863,
46.498863,
46.498863,
46.498863,
46.498863,
46.498863,
46.498863,
46.498863,
46.498863,
46.498863,
46.498863,
46.498863,
46.498863,
46.498863,
46.498863,
46.498863,
46.498863,
46.498863,
46.498863,
46.498863,
46.498863,
46.498863,
46.498863,
46.498863,
46.498863,
46.498863,
46.498863,
46.498863,
46.498863,
46.498863,
46.498863,
46.498863,
46.498863,
46.498863,
46.498863,
46.498863,
46.498863,
46.498863,
46.498863,
46.498863,
46.498863,
46.498863,
46.498863,
46.498863,
46.498863,
46.498863,
46.498863,
46.498863,
46.498863,
46.498863,
46.498863,
46.498863,
46.498863,
46.498863,
46.498863,
46.498863,
46.498863,
46.498863,
46.498863,
46.498863,
46.498863,
46.498863,
46.498863,
46.498863,
46.498863,
46.498863,
46.498863,
46.498863,
46.498863,
46.498863,
46.498863,
46.498863,
46.498863,
46.498863,
46.498863,
46.498863,
46.498863,
46.498863,
46.498863,
46.498863,
46.498863,
46.498863,
46.498863,
46.498863,
46.498863,
46.498863,
46.498863,
46.498863,
46.498863,
46.498863,
46.498863,
46.343868,
46.188873,
46.033878,
45.878883,
45.723888,
45.568893,
45.413898,
45.258904,
45.103909,
44.948914,
44.793919,
44.638924,
44.483929,
44.328934,
44.173939,
44.018944,
43.863949,
43.708954,
43.553959,
43.398964,
43.243969,
43.088974,
42.933979,
42.778984,
42.623989,
42.468994,
42.313999,
42.159004,
42.004009,
41.849014,
41.694019,
41.539024,
41.384029,
41.229034,
41.074039,
40.919044,
40.764050,
40.609055,
40.454060,
40.299065,
40.144070,
39.989075,
39.834080,
39.679085,
39.524090,
39.369095,
39.214100,
39.059105,
38.904110,
38.749115,
38.594120,
38.439125,
38.284130,
38.129135,
37.974140,
37.819145,
37.664150,
37.509155,
37.354160,
37.199165,
37.044170,
36.889175,
36.734180,
36.579185,
36.424191,
36.269196,
36.114201,
35.959206,
35.804211,
35.649216,
35.494221,
35.339226,
35.184231,
35.029236,
34.874241,
34.719246,
34.564251,
34.409256,
34.254261,
34.099266,
33.944271,
33.789276,
33.634281,
33.479286,
33.324291,
33.169296,
33.014301,
32.859306,
32.704311,
32.549316,
32.394321,
32.239326,
32.084332,
31.929335,
31.774338,
31.619341,
31.464344,
31.309347,
31.154350,
30.999353,
30.844357,
30.689360,
30.534363,
30.379366,
30.224369,
30.069372,
29.914375,
29.759378,
29.604382,
29.449385,
29.294388,
29.139391,
28.984394,
28.829397,
28.674400,
28.519403,
28.364407,
28.209410,
28.054413,
27.899416,
27.744419,
27.589422,
27.434425,
27.279428,
27.124432,
26.969435,
26.814438,
26.659441,
26.504444,
26.349447,
26.194450,
26.039454,
25.884457,
25.729460,
25.574463,
25.419466,
25.264469,
25.109472,
24.954475,
24.799479,
24.644482,
24.489485,
24.334488,
24.179491,
24.024494,
23.869497,
23.714500,
23.559504,
23.404507,
23.249510,
23.094513,
22.939516,
22.784519,
22.629522,
22.474525,
22.319529,
22.164532,
22.009535,
21.854538,
21.699541,
21.544544,
21.389547,
21.234550,
21.079554,
20.924557,
20.769560,
20.614563,
20.459566,
20.304569,
20.149572,
19.994576,
19.839579,
19.684582,
19.529585,
19.374588,
19.219591,
19.064594,
18.909597,
18.754601,
18.599604,
18.444607,
18.289610,
18.134613,
17.979616,
17.824619,
17.669622,
17.514626,
17.359629,
17.204632,
17.049635,
16.894638,
16.739641,
16.584644,
16.429647,
16.274651,
16.119654,
15.964657,
15.809660,
15.654663,
15.499666,
15.344669,
15.189672,
15.034676,
14.879679,
14.724682,
14.569685,
14.414688,
14.259691,
14.104694,
13.949697,
13.794701,
13.639704,
13.484707,
13.329710,
13.174713,
13.019716,
12.864719,
12.709723,
12.554726,
12.399729,
12.244732,
12.089735,
11.934738,
11.779741,
11.624744,
11.469748,
11.314751,
11.159754,
11.004757,
10.849760,
10.694763,
10.539766,
10.384769,
10.229773,
10.074776,
9.919779,
9.764782,
9.609785,
9.454788,
9.299791,
9.144794,
8.989798,
8.834801,
8.679804,
8.524807,
8.369810,
8.214813,
8.059816,
7.904820,
7.749824,
7.594827,
7.439831,
7.284834,
7.129838,
6.974842,
6.819845,
6.664849,
6.509852,
6.354856,
6.199860,
6.044863,
5.889867,
5.734870,
5.579874,
5.424878,
5.269881,
5.114885,
4.959888,
4.804892,
4.649896,
4.494899,
4.339903,
4.184906,
4.029910,
3.874913,
3.719917,
3.564920,
3.409924,
3.254927,
3.099930,
2.944934,
2.789937,
2.634940,
2.479944,
2.324947,
2.169950,
2.014954,
1.859957,
1.704961,
1.549964,
1.394967,
1.239971,
1.084974,
0.929977,
0.774981,
0.619984,
0.464988,
0.309991,
0.154995,
-0.000002,
-0.000002,
-0.000002,
-0.000002,
-0.000002,
-0.000002,
-0.000002,
-0.000002,
-0.000002,
-0.000002,
-0.000002,
-0.000002,
-0.000002,
-0.000002,
-0.000002,
-0.000002,
-0.000002,
-0.000002,
-0.000002,
-0.000002,
-0.000002,
-0.000002,
-0.000002,
-0.000002,
-0.000002,
-0.000002,
-0.000002,
-0.000002,
-0.000002,
-0.000002,
-0.000002,
-0.000002,
-0.000002,
-0.000002,
-0.000002,
-0.000002,
-0.000002,
-0.000002,
-0.000002,
-0.000002,
-0.000002,
-0.000002,
-0.000002,
-0.000002,
-0.000002,
-0.000002,
-0.000002,
-0.000002,
-0.000002,
-0.000002,
-0.000002,
-0.000002,
-0.000002,
-0.000002,
-0.000002,
-0.000002,
-0.000002,
-0.000002,
-0.000002,
-0.000002,
-0.000002,
-0.000002,
-0.000002,
-0.000002,
-0.000002,
-0.000002,
-0.000002,
-0.000002,
-0.000002,
-0.000002,
-0.000002,
-0.000002,
-0.000002,
-0.000002,
-0.000002,
-0.000002,
-0.000002,
-0.000002,
-0.000002,
-0.000002,
-0.000002,
-0.000002,
-0.000002,
-0.000002,
-0.000002,
-0.000002,
-0.000002,
-0.000002,
-0.000002,
-0.000002,
-0.000002,
-0.000002,
-0.000002,
-0.000002,
-0.000002,
-0.000002,
-0.000002,
-0.000002,
-0.000002,
-0.000002,
-0.000002,
